/*--------------------------------*- C++ -*----------------------------------*\
| =========                 |                                                 |
| \\      /  F ield         | OpenFOAM: The Open Source CFD Toolbox           |
|  \\    /   O peration     | Version:  2406                                  |
|   \\  /    A nd           | Website:  www.openfoam.com                      |
|    \\/     M anipulation  |                                                 |
\*---------------------------------------------------------------------------*/
FoamFile
{
    version     2.0;
    format      ascii;
    arch        "LSB;label=32;scalar=64";
    class       vectorField;
    location    "constant/polyMesh";
    object      points;
}
// * * * * * * * * * * * * * * * * * * * * * * * * * * * * * * * * * * * * * //


2562
(
(0 0 0)
(0.002 0 0)
(0.004 0 0)
(0.006 0 0)
(0.008 0 0)
(0.01 0 0)
(0.012 0 0)
(0.014 0 0)
(0.016 0 0)
(0.018 0 0)
(0.02 0 0)
(0.022 0 0)
(0.024 0 0)
(0.026 0 0)
(0.028 0 0)
(0.03 0 0)
(0.032 0 0)
(0.034 0 0)
(0.036 0 0)
(0.038 0 0)
(0.04 0 0)
(0 0.005 0)
(0.0020125 0.005 0)
(0.004025 0.005 0)
(0.0060375 0.005 0)
(0.00805 0.005 0)
(0.0100625 0.005 0)
(0.012075 0.005 0)
(0.0140875 0.005 0)
(0.0161 0.005 0)
(0.0181125 0.005 0)
(0.020125 0.005 0)
(0.0221375 0.005 0)
(0.02415 0.005 0)
(0.0261625 0.005 0)
(0.028175 0.005 0)
(0.0301875 0.005 0)
(0.0322 0.005 0)
(0.0342125 0.005 0)
(0.036225 0.005 0)
(0.0382375 0.005 0)
(0.04025 0.005 0)
(0 0.01 0)
(0.002025 0.01 0)
(0.00405 0.01 0)
(0.006075 0.01 0)
(0.0081 0.01 0)
(0.010125 0.01 0)
(0.01215 0.01 0)
(0.014175 0.01 0)
(0.0162 0.01 0)
(0.018225 0.01 0)
(0.02025 0.01 0)
(0.022275 0.01 0)
(0.0243 0.01 0)
(0.026325 0.01 0)
(0.02835 0.01 0)
(0.030375 0.01 0)
(0.0324 0.01 0)
(0.034425 0.01 0)
(0.03645 0.01 0)
(0.038475 0.01 0)
(0.0405 0.01 0)
(0 0.015 0)
(0.0020375 0.015 0)
(0.004075 0.015 0)
(0.0061125 0.015 0)
(0.00815 0.015 0)
(0.0101875 0.015 0)
(0.012225 0.015 0)
(0.0142625 0.015 0)
(0.0163 0.015 0)
(0.0183375 0.015 0)
(0.020375 0.015 0)
(0.0224125 0.015 0)
(0.02445 0.015 0)
(0.0264875 0.015 0)
(0.028525 0.015 0)
(0.0305625 0.015 0)
(0.0326 0.015 0)
(0.0346375 0.015 0)
(0.036675 0.015 0)
(0.0387125 0.015 0)
(0.04075 0.015 0)
(0 0.02 0)
(0.00205 0.02 0)
(0.0041 0.02 0)
(0.00615 0.02 0)
(0.0082 0.02 0)
(0.01025 0.02 0)
(0.0123 0.02 0)
(0.01435 0.02 0)
(0.0164 0.02 0)
(0.01845 0.02 0)
(0.0205 0.02 0)
(0.02255 0.02 0)
(0.0246 0.02 0)
(0.02665 0.02 0)
(0.0287 0.02 0)
(0.03075 0.02 0)
(0.0328 0.02 0)
(0.03485 0.02 0)
(0.0369 0.02 0)
(0.03895 0.02 0)
(0.041 0.02 0)
(0 0.025 0)
(0.0020625 0.025 0)
(0.004125 0.025 0)
(0.0061875 0.025 0)
(0.00825 0.025 0)
(0.0103125 0.025 0)
(0.012375 0.025 0)
(0.0144375 0.025 0)
(0.0165 0.025 0)
(0.0185625 0.025 0)
(0.020625 0.025 0)
(0.0226875 0.025 0)
(0.02475 0.025 0)
(0.0268125 0.025 0)
(0.028875 0.025 0)
(0.0309375 0.025 0)
(0.033 0.025 0)
(0.0350625 0.025 0)
(0.037125 0.025 0)
(0.0391875 0.025 0)
(0.04125 0.025 0)
(0 0.03 0)
(0.002075 0.03 0)
(0.00415 0.03 0)
(0.006225 0.03 0)
(0.0083 0.03 0)
(0.010375 0.03 0)
(0.01245 0.03 0)
(0.014525 0.03 0)
(0.0166 0.03 0)
(0.018675 0.03 0)
(0.02075 0.03 0)
(0.022825 0.03 0)
(0.0249 0.03 0)
(0.026975 0.03 0)
(0.02905 0.03 0)
(0.031125 0.03 0)
(0.0332 0.03 0)
(0.035275 0.03 0)
(0.03735 0.03 0)
(0.039425 0.03 0)
(0.0415 0.03 0)
(0 0.035 0)
(0.0020875 0.035 0)
(0.004175 0.035 0)
(0.0062625 0.035 0)
(0.00835 0.035 0)
(0.0104375 0.035 0)
(0.012525 0.035 0)
(0.0146125 0.035 0)
(0.0167 0.035 0)
(0.0187875 0.035 0)
(0.020875 0.035 0)
(0.0229625 0.035 0)
(0.02505 0.035 0)
(0.0271375 0.035 0)
(0.029225 0.035 0)
(0.0313125 0.035 0)
(0.0334 0.035 0)
(0.0354875 0.035 0)
(0.037575 0.035 0)
(0.0396625 0.035 0)
(0.04175 0.035 0)
(0 0.04 0)
(0.0021 0.04 0)
(0.0042 0.04 0)
(0.0063 0.04 0)
(0.0084 0.04 0)
(0.0105 0.04 0)
(0.0126 0.04 0)
(0.0147 0.04 0)
(0.0168 0.04 0)
(0.0189 0.04 0)
(0.021 0.04 0)
(0.0231 0.04 0)
(0.0252 0.04 0)
(0.0273 0.04 0)
(0.0294 0.04 0)
(0.0315 0.04 0)
(0.0336 0.04 0)
(0.0357 0.04 0)
(0.0378 0.04 0)
(0.0399 0.04 0)
(0.042 0.04 0)
(0 0.045 0)
(0.0021125 0.045 0)
(0.004225 0.045 0)
(0.0063375 0.045 0)
(0.00845 0.045 0)
(0.0105625 0.045 0)
(0.012675 0.045 0)
(0.0147875 0.045 0)
(0.0169 0.045 0)
(0.0190125 0.045 0)
(0.021125 0.045 0)
(0.0232375 0.045 0)
(0.02535 0.045 0)
(0.0274625 0.045 0)
(0.029575 0.045 0)
(0.0316875 0.045 0)
(0.0338 0.045 0)
(0.0359125 0.045 0)
(0.038025 0.045 0)
(0.0401375 0.045 0)
(0.04225 0.045 0)
(0 0.05 0)
(0.002125 0.05 0)
(0.00425 0.05 0)
(0.006375 0.05 0)
(0.0085 0.05 0)
(0.010625 0.05 0)
(0.01275 0.05 0)
(0.014875 0.05 0)
(0.017 0.05 0)
(0.019125 0.05 0)
(0.02125 0.05 0)
(0.023375 0.05 0)
(0.0255 0.05 0)
(0.027625 0.05 0)
(0.02975 0.05 0)
(0.031875 0.05 0)
(0.034 0.05 0)
(0.036125 0.05 0)
(0.03825 0.05 0)
(0.040375 0.05 0)
(0.0425 0.05 0)
(0 0.055 0)
(0.0021375 0.055 0)
(0.004275 0.055 0)
(0.0064125 0.055 0)
(0.00855 0.055 0)
(0.0106875 0.055 0)
(0.012825 0.055 0)
(0.0149625 0.055 0)
(0.0171 0.055 0)
(0.0192375 0.055 0)
(0.021375 0.055 0)
(0.0235125 0.055 0)
(0.02565 0.055 0)
(0.0277875 0.055 0)
(0.029925 0.055 0)
(0.0320625 0.055 0)
(0.0342 0.055 0)
(0.0363375 0.055 0)
(0.038475 0.055 0)
(0.0406125 0.055 0)
(0.04275 0.055 0)
(0 0.06 0)
(0.00215 0.06 0)
(0.0043 0.06 0)
(0.00645 0.06 0)
(0.0086 0.06 0)
(0.01075 0.06 0)
(0.0129 0.06 0)
(0.01505 0.06 0)
(0.0172 0.06 0)
(0.01935 0.06 0)
(0.0215 0.06 0)
(0.02365 0.06 0)
(0.0258 0.06 0)
(0.02795 0.06 0)
(0.0301 0.06 0)
(0.03225 0.06 0)
(0.0344 0.06 0)
(0.03655 0.06 0)
(0.0387 0.06 0)
(0.04085 0.06 0)
(0.043 0.06 0)
(0 0.065 0)
(0.0021625 0.065 0)
(0.004325 0.065 0)
(0.0064875 0.065 0)
(0.00865 0.065 0)
(0.0108125 0.065 0)
(0.012975 0.065 0)
(0.0151375 0.065 0)
(0.0173 0.065 0)
(0.0194625 0.065 0)
(0.021625 0.065 0)
(0.0237875 0.065 0)
(0.02595 0.065 0)
(0.0281125 0.065 0)
(0.030275 0.065 0)
(0.0324375 0.065 0)
(0.0346 0.065 0)
(0.0367625 0.065 0)
(0.038925 0.065 0)
(0.0410875 0.065 0)
(0.04325 0.065 0)
(0 0.07 0)
(0.002175 0.07 0)
(0.00435 0.07 0)
(0.006525 0.07 0)
(0.0087 0.07 0)
(0.010875 0.07 0)
(0.01305 0.07 0)
(0.015225 0.07 0)
(0.0174 0.07 0)
(0.019575 0.07 0)
(0.02175 0.07 0)
(0.023925 0.07 0)
(0.0261 0.07 0)
(0.028275 0.07 0)
(0.03045 0.07 0)
(0.032625 0.07 0)
(0.0348 0.07 0)
(0.036975 0.07 0)
(0.03915 0.07 0)
(0.041325 0.07 0)
(0.0435 0.07 0)
(0 0.075 0)
(0.0021875 0.075 0)
(0.004375 0.075 0)
(0.0065625 0.075 0)
(0.00875 0.075 0)
(0.0109375 0.075 0)
(0.013125 0.075 0)
(0.0153125 0.075 0)
(0.0175 0.075 0)
(0.0196875 0.075 0)
(0.021875 0.075 0)
(0.0240625 0.075 0)
(0.02625 0.075 0)
(0.0284375 0.075 0)
(0.030625 0.075 0)
(0.0328125 0.075 0)
(0.035 0.075 0)
(0.0371875 0.075 0)
(0.039375 0.075 0)
(0.0415625 0.075 0)
(0.04375 0.075 0)
(0 0.08 0)
(0.0022 0.08 0)
(0.0044 0.08 0)
(0.0066 0.08 0)
(0.0088 0.08 0)
(0.011 0.08 0)
(0.0132 0.08 0)
(0.0154 0.08 0)
(0.0176 0.08 0)
(0.0198 0.08 0)
(0.022 0.08 0)
(0.0242 0.08 0)
(0.0264 0.08 0)
(0.0286 0.08 0)
(0.0308 0.08 0)
(0.033 0.08 0)
(0.0352 0.08 0)
(0.0374 0.08 0)
(0.0396 0.08 0)
(0.0418 0.08 0)
(0.044 0.08 0)
(0 0.085 0)
(0.0022125 0.085 0)
(0.004425 0.085 0)
(0.0066375 0.085 0)
(0.00885 0.085 0)
(0.0110625 0.085 0)
(0.013275 0.085 0)
(0.0154875 0.085 0)
(0.0177 0.085 0)
(0.0199125 0.085 0)
(0.022125 0.085 0)
(0.0243375 0.085 0)
(0.02655 0.085 0)
(0.0287625 0.085 0)
(0.030975 0.085 0)
(0.0331875 0.085 0)
(0.0354 0.085 0)
(0.0376125 0.085 0)
(0.039825 0.085 0)
(0.0420375 0.085 0)
(0.04425 0.085 0)
(0 0.09 0)
(0.002225 0.09 0)
(0.00445 0.09 0)
(0.006675 0.09 0)
(0.0089 0.09 0)
(0.011125 0.09 0)
(0.01335 0.09 0)
(0.015575 0.09 0)
(0.0178 0.09 0)
(0.020025 0.09 0)
(0.02225 0.09 0)
(0.024475 0.09 0)
(0.0267 0.09 0)
(0.028925 0.09 0)
(0.03115 0.09 0)
(0.033375 0.09 0)
(0.0356 0.09 0)
(0.037825 0.09 0)
(0.04005 0.09 0)
(0.042275 0.09 0)
(0.0445 0.09 0)
(0 0.095 0)
(0.0022375 0.095 0)
(0.004475 0.095 0)
(0.0067125 0.095 0)
(0.00895 0.095 0)
(0.0111875 0.095 0)
(0.013425 0.095 0)
(0.0156625 0.095 0)
(0.0179 0.095 0)
(0.0201375 0.095 0)
(0.022375 0.095 0)
(0.0246125 0.095 0)
(0.02685 0.095 0)
(0.0290875 0.095 0)
(0.031325 0.095 0)
(0.0335625 0.095 0)
(0.0358 0.095 0)
(0.0380375 0.095 0)
(0.040275 0.095 0)
(0.0425125 0.095 0)
(0.04475 0.095 0)
(0 0.1 0)
(0.00225 0.1 0)
(0.0045 0.1 0)
(0.00675 0.1 0)
(0.009 0.1 0)
(0.01125 0.1 0)
(0.0135 0.1 0)
(0.01575 0.1 0)
(0.018 0.1 0)
(0.02025 0.1 0)
(0.0225 0.1 0)
(0.02475 0.1 0)
(0.027 0.1 0)
(0.02925 0.1 0)
(0.0315 0.1 0)
(0.03375 0.1 0)
(0.036 0.1 0)
(0.03825 0.1 0)
(0.0405 0.1 0)
(0.04275 0.1 0)
(0.045 0.1 0)
(0 0 0.01)
(0.002 0 0.01)
(0.004 0 0.01)
(0.006 0 0.01)
(0.008 0 0.01)
(0.01 0 0.01)
(0.012 0 0.01)
(0.014 0 0.01)
(0.016 0 0.01)
(0.018 0 0.01)
(0.02 0 0.01)
(0.022 0 0.01)
(0.024 0 0.01)
(0.026 0 0.01)
(0.028 0 0.01)
(0.03 0 0.01)
(0.032 0 0.01)
(0.034 0 0.01)
(0.036 0 0.01)
(0.038 0 0.01)
(0.04 0 0.01)
(0 0.005 0.01)
(0.0020125 0.005 0.01)
(0.004025 0.005 0.01)
(0.0060375 0.005 0.01)
(0.00805 0.005 0.01)
(0.0100625 0.005 0.01)
(0.012075 0.005 0.01)
(0.0140875 0.005 0.01)
(0.0161 0.005 0.01)
(0.0181125 0.005 0.01)
(0.020125 0.005 0.01)
(0.0221375 0.005 0.01)
(0.02415 0.005 0.01)
(0.0261625 0.005 0.01)
(0.028175 0.005 0.01)
(0.0301875 0.005 0.01)
(0.0322 0.005 0.01)
(0.0342125 0.005 0.01)
(0.036225 0.005 0.01)
(0.0382375 0.005 0.01)
(0.04025 0.005 0.01)
(0 0.01 0.01)
(0.002025 0.01 0.01)
(0.00405 0.01 0.01)
(0.006075 0.01 0.01)
(0.0081 0.01 0.01)
(0.010125 0.01 0.01)
(0.01215 0.01 0.01)
(0.014175 0.01 0.01)
(0.0162 0.01 0.01)
(0.018225 0.01 0.01)
(0.02025 0.01 0.01)
(0.022275 0.01 0.01)
(0.0243 0.01 0.01)
(0.026325 0.01 0.01)
(0.02835 0.01 0.01)
(0.030375 0.01 0.01)
(0.0324 0.01 0.01)
(0.034425 0.01 0.01)
(0.03645 0.01 0.01)
(0.038475 0.01 0.01)
(0.0405 0.01 0.01)
(0 0.015 0.01)
(0.0020375 0.015 0.01)
(0.004075 0.015 0.01)
(0.0061125 0.015 0.01)
(0.00815 0.015 0.01)
(0.0101875 0.015 0.01)
(0.012225 0.015 0.01)
(0.0142625 0.015 0.01)
(0.0163 0.015 0.01)
(0.0183375 0.015 0.01)
(0.020375 0.015 0.01)
(0.0224125 0.015 0.01)
(0.02445 0.015 0.01)
(0.0264875 0.015 0.01)
(0.028525 0.015 0.01)
(0.0305625 0.015 0.01)
(0.0326 0.015 0.01)
(0.0346375 0.015 0.01)
(0.036675 0.015 0.01)
(0.0387125 0.015 0.01)
(0.04075 0.015 0.01)
(0 0.02 0.01)
(0.00205 0.02 0.01)
(0.0041 0.02 0.01)
(0.00615 0.02 0.01)
(0.0082 0.02 0.01)
(0.01025 0.02 0.01)
(0.0123 0.02 0.01)
(0.01435 0.02 0.01)
(0.0164 0.02 0.01)
(0.01845 0.02 0.01)
(0.0205 0.02 0.01)
(0.02255 0.02 0.01)
(0.0246 0.02 0.01)
(0.02665 0.02 0.01)
(0.0287 0.02 0.01)
(0.03075 0.02 0.01)
(0.0328 0.02 0.01)
(0.03485 0.02 0.01)
(0.0369 0.02 0.01)
(0.03895 0.02 0.01)
(0.041 0.02 0.01)
(0 0.025 0.01)
(0.0020625 0.025 0.01)
(0.004125 0.025 0.01)
(0.0061875 0.025 0.01)
(0.00825 0.025 0.01)
(0.0103125 0.025 0.01)
(0.012375 0.025 0.01)
(0.0144375 0.025 0.01)
(0.0165 0.025 0.01)
(0.0185625 0.025 0.01)
(0.020625 0.025 0.01)
(0.0226875 0.025 0.01)
(0.02475 0.025 0.01)
(0.0268125 0.025 0.01)
(0.028875 0.025 0.01)
(0.0309375 0.025 0.01)
(0.033 0.025 0.01)
(0.0350625 0.025 0.01)
(0.037125 0.025 0.01)
(0.0391875 0.025 0.01)
(0.04125 0.025 0.01)
(0 0.03 0.01)
(0.002075 0.03 0.01)
(0.00415 0.03 0.01)
(0.006225 0.03 0.01)
(0.0083 0.03 0.01)
(0.010375 0.03 0.01)
(0.01245 0.03 0.01)
(0.014525 0.03 0.01)
(0.0166 0.03 0.01)
(0.018675 0.03 0.01)
(0.02075 0.03 0.01)
(0.022825 0.03 0.01)
(0.0249 0.03 0.01)
(0.026975 0.03 0.01)
(0.02905 0.03 0.01)
(0.031125 0.03 0.01)
(0.0332 0.03 0.01)
(0.035275 0.03 0.01)
(0.03735 0.03 0.01)
(0.039425 0.03 0.01)
(0.0415 0.03 0.01)
(0 0.035 0.01)
(0.0020875 0.035 0.01)
(0.004175 0.035 0.01)
(0.0062625 0.035 0.01)
(0.00835 0.035 0.01)
(0.0104375 0.035 0.01)
(0.012525 0.035 0.01)
(0.0146125 0.035 0.01)
(0.0167 0.035 0.01)
(0.0187875 0.035 0.01)
(0.020875 0.035 0.01)
(0.0229625 0.035 0.01)
(0.02505 0.035 0.01)
(0.0271375 0.035 0.01)
(0.029225 0.035 0.01)
(0.0313125 0.035 0.01)
(0.0334 0.035 0.01)
(0.0354875 0.035 0.01)
(0.037575 0.035 0.01)
(0.0396625 0.035 0.01)
(0.04175 0.035 0.01)
(0 0.04 0.01)
(0.0021 0.04 0.01)
(0.0042 0.04 0.01)
(0.0063 0.04 0.01)
(0.0084 0.04 0.01)
(0.0105 0.04 0.01)
(0.0126 0.04 0.01)
(0.0147 0.04 0.01)
(0.0168 0.04 0.01)
(0.0189 0.04 0.01)
(0.021 0.04 0.01)
(0.0231 0.04 0.01)
(0.0252 0.04 0.01)
(0.0273 0.04 0.01)
(0.0294 0.04 0.01)
(0.0315 0.04 0.01)
(0.0336 0.04 0.01)
(0.0357 0.04 0.01)
(0.0378 0.04 0.01)
(0.0399 0.04 0.01)
(0.042 0.04 0.01)
(0 0.045 0.01)
(0.0021125 0.045 0.01)
(0.004225 0.045 0.01)
(0.0063375 0.045 0.01)
(0.00845 0.045 0.01)
(0.0105625 0.045 0.01)
(0.012675 0.045 0.01)
(0.0147875 0.045 0.01)
(0.0169 0.045 0.01)
(0.0190125 0.045 0.01)
(0.021125 0.045 0.01)
(0.0232375 0.045 0.01)
(0.02535 0.045 0.01)
(0.0274625 0.045 0.01)
(0.029575 0.045 0.01)
(0.0316875 0.045 0.01)
(0.0338 0.045 0.01)
(0.0359125 0.045 0.01)
(0.038025 0.045 0.01)
(0.0401375 0.045 0.01)
(0.04225 0.045 0.01)
(0 0.05 0.01)
(0.002125 0.05 0.01)
(0.00425 0.05 0.01)
(0.006375 0.05 0.01)
(0.0085 0.05 0.01)
(0.010625 0.05 0.01)
(0.01275 0.05 0.01)
(0.014875 0.05 0.01)
(0.017 0.05 0.01)
(0.019125 0.05 0.01)
(0.02125 0.05 0.01)
(0.023375 0.05 0.01)
(0.0255 0.05 0.01)
(0.027625 0.05 0.01)
(0.02975 0.05 0.01)
(0.031875 0.05 0.01)
(0.034 0.05 0.01)
(0.036125 0.05 0.01)
(0.03825 0.05 0.01)
(0.040375 0.05 0.01)
(0.0425 0.05 0.01)
(0 0.055 0.01)
(0.0021375 0.055 0.01)
(0.004275 0.055 0.01)
(0.0064125 0.055 0.01)
(0.00855 0.055 0.01)
(0.0106875 0.055 0.01)
(0.012825 0.055 0.01)
(0.0149625 0.055 0.01)
(0.0171 0.055 0.01)
(0.0192375 0.055 0.01)
(0.021375 0.055 0.01)
(0.0235125 0.055 0.01)
(0.02565 0.055 0.01)
(0.0277875 0.055 0.01)
(0.029925 0.055 0.01)
(0.0320625 0.055 0.01)
(0.0342 0.055 0.01)
(0.0363375 0.055 0.01)
(0.038475 0.055 0.01)
(0.0406125 0.055 0.01)
(0.04275 0.055 0.01)
(0 0.06 0.01)
(0.00215 0.06 0.01)
(0.0043 0.06 0.01)
(0.00645 0.06 0.01)
(0.0086 0.06 0.01)
(0.01075 0.06 0.01)
(0.0129 0.06 0.01)
(0.01505 0.06 0.01)
(0.0172 0.06 0.01)
(0.01935 0.06 0.01)
(0.0215 0.06 0.01)
(0.02365 0.06 0.01)
(0.0258 0.06 0.01)
(0.02795 0.06 0.01)
(0.0301 0.06 0.01)
(0.03225 0.06 0.01)
(0.0344 0.06 0.01)
(0.03655 0.06 0.01)
(0.0387 0.06 0.01)
(0.04085 0.06 0.01)
(0.043 0.06 0.01)
(0 0.065 0.01)
(0.0021625 0.065 0.01)
(0.004325 0.065 0.01)
(0.0064875 0.065 0.01)
(0.00865 0.065 0.01)
(0.0108125 0.065 0.01)
(0.012975 0.065 0.01)
(0.0151375 0.065 0.01)
(0.0173 0.065 0.01)
(0.0194625 0.065 0.01)
(0.021625 0.065 0.01)
(0.0237875 0.065 0.01)
(0.02595 0.065 0.01)
(0.0281125 0.065 0.01)
(0.030275 0.065 0.01)
(0.0324375 0.065 0.01)
(0.0346 0.065 0.01)
(0.0367625 0.065 0.01)
(0.038925 0.065 0.01)
(0.0410875 0.065 0.01)
(0.04325 0.065 0.01)
(0 0.07 0.01)
(0.002175 0.07 0.01)
(0.00435 0.07 0.01)
(0.006525 0.07 0.01)
(0.0087 0.07 0.01)
(0.010875 0.07 0.01)
(0.01305 0.07 0.01)
(0.015225 0.07 0.01)
(0.0174 0.07 0.01)
(0.019575 0.07 0.01)
(0.02175 0.07 0.01)
(0.023925 0.07 0.01)
(0.0261 0.07 0.01)
(0.028275 0.07 0.01)
(0.03045 0.07 0.01)
(0.032625 0.07 0.01)
(0.0348 0.07 0.01)
(0.036975 0.07 0.01)
(0.03915 0.07 0.01)
(0.041325 0.07 0.01)
(0.0435 0.07 0.01)
(0 0.075 0.01)
(0.0021875 0.075 0.01)
(0.004375 0.075 0.01)
(0.0065625 0.075 0.01)
(0.00875 0.075 0.01)
(0.0109375 0.075 0.01)
(0.013125 0.075 0.01)
(0.0153125 0.075 0.01)
(0.0175 0.075 0.01)
(0.0196875 0.075 0.01)
(0.021875 0.075 0.01)
(0.0240625 0.075 0.01)
(0.02625 0.075 0.01)
(0.0284375 0.075 0.01)
(0.030625 0.075 0.01)
(0.0328125 0.075 0.01)
(0.035 0.075 0.01)
(0.0371875 0.075 0.01)
(0.039375 0.075 0.01)
(0.0415625 0.075 0.01)
(0.04375 0.075 0.01)
(0 0.08 0.01)
(0.0022 0.08 0.01)
(0.0044 0.08 0.01)
(0.0066 0.08 0.01)
(0.0088 0.08 0.01)
(0.011 0.08 0.01)
(0.0132 0.08 0.01)
(0.0154 0.08 0.01)
(0.0176 0.08 0.01)
(0.0198 0.08 0.01)
(0.022 0.08 0.01)
(0.0242 0.08 0.01)
(0.0264 0.08 0.01)
(0.0286 0.08 0.01)
(0.0308 0.08 0.01)
(0.033 0.08 0.01)
(0.0352 0.08 0.01)
(0.0374 0.08 0.01)
(0.0396 0.08 0.01)
(0.0418 0.08 0.01)
(0.044 0.08 0.01)
(0 0.085 0.01)
(0.0022125 0.085 0.01)
(0.004425 0.085 0.01)
(0.0066375 0.085 0.01)
(0.00885 0.085 0.01)
(0.0110625 0.085 0.01)
(0.013275 0.085 0.01)
(0.0154875 0.085 0.01)
(0.0177 0.085 0.01)
(0.0199125 0.085 0.01)
(0.022125 0.085 0.01)
(0.0243375 0.085 0.01)
(0.02655 0.085 0.01)
(0.0287625 0.085 0.01)
(0.030975 0.085 0.01)
(0.0331875 0.085 0.01)
(0.0354 0.085 0.01)
(0.0376125 0.085 0.01)
(0.039825 0.085 0.01)
(0.0420375 0.085 0.01)
(0.04425 0.085 0.01)
(0 0.09 0.01)
(0.002225 0.09 0.01)
(0.00445 0.09 0.01)
(0.006675 0.09 0.01)
(0.0089 0.09 0.01)
(0.011125 0.09 0.01)
(0.01335 0.09 0.01)
(0.015575 0.09 0.01)
(0.0178 0.09 0.01)
(0.020025 0.09 0.01)
(0.02225 0.09 0.01)
(0.024475 0.09 0.01)
(0.0267 0.09 0.01)
(0.028925 0.09 0.01)
(0.03115 0.09 0.01)
(0.033375 0.09 0.01)
(0.0356 0.09 0.01)
(0.037825 0.09 0.01)
(0.04005 0.09 0.01)
(0.042275 0.09 0.01)
(0.0445 0.09 0.01)
(0 0.095 0.01)
(0.0022375 0.095 0.01)
(0.004475 0.095 0.01)
(0.0067125 0.095 0.01)
(0.00895 0.095 0.01)
(0.0111875 0.095 0.01)
(0.013425 0.095 0.01)
(0.0156625 0.095 0.01)
(0.0179 0.095 0.01)
(0.0201375 0.095 0.01)
(0.022375 0.095 0.01)
(0.0246125 0.095 0.01)
(0.02685 0.095 0.01)
(0.0290875 0.095 0.01)
(0.031325 0.095 0.01)
(0.0335625 0.095 0.01)
(0.0358 0.095 0.01)
(0.0380375 0.095 0.01)
(0.040275 0.095 0.01)
(0.0425125 0.095 0.01)
(0.04475 0.095 0.01)
(0 0.1 0.01)
(0.00225 0.1 0.01)
(0.0045 0.1 0.01)
(0.00675 0.1 0.01)
(0.009 0.1 0.01)
(0.01125 0.1 0.01)
(0.0135 0.1 0.01)
(0.01575 0.1 0.01)
(0.018 0.1 0.01)
(0.02025 0.1 0.01)
(0.0225 0.1 0.01)
(0.02475 0.1 0.01)
(0.027 0.1 0.01)
(0.02925 0.1 0.01)
(0.0315 0.1 0.01)
(0.03375 0.1 0.01)
(0.036 0.1 0.01)
(0.03825 0.1 0.01)
(0.0405 0.1 0.01)
(0.04275 0.1 0.01)
(0.045 0.1 0.01)
(0.041 0 0)
(0.042 0 0)
(0.043 0 0)
(0.044 0 0)
(0.045 0 0)
(0.046 0 0)
(0.047 0 0)
(0.048 0 0)
(0.049 0 0)
(0.05 0 0)
(0.051 0 0)
(0.052 0 0)
(0.053 0 0)
(0.054 0 0)
(0.055 0 0)
(0.056 0 0)
(0.057 0 0)
(0.058 0 0)
(0.059 0 0)
(0.06 0 0)
(0.041225 0.005 0)
(0.0422 0.005 0)
(0.043175 0.005 0)
(0.04415 0.005 0)
(0.045125 0.005 0)
(0.0461 0.005 0)
(0.047075 0.005 0)
(0.04805 0.005 0)
(0.049025 0.005 0)
(0.05 0.005 0)
(0.050975 0.005 0)
(0.05195 0.005 0)
(0.052925 0.005 0)
(0.0539 0.005 0)
(0.054875 0.005 0)
(0.05585 0.005 0)
(0.056825 0.005 0)
(0.0578 0.005 0)
(0.058775 0.005 0)
(0.05975 0.005 0)
(0.04145 0.01 0)
(0.0424 0.01 0)
(0.04335 0.01 0)
(0.0443 0.01 0)
(0.04525 0.01 0)
(0.0462 0.01 0)
(0.04715 0.01 0)
(0.0481 0.01 0)
(0.04905 0.01 0)
(0.05 0.01 0)
(0.05095 0.01 0)
(0.0519 0.01 0)
(0.05285 0.01 0)
(0.0538 0.01 0)
(0.05475 0.01 0)
(0.0557 0.01 0)
(0.05665 0.01 0)
(0.0576 0.01 0)
(0.05855 0.01 0)
(0.0595 0.01 0)
(0.041675 0.015 0)
(0.0426 0.015 0)
(0.043525 0.015 0)
(0.04445 0.015 0)
(0.045375 0.015 0)
(0.0463 0.015 0)
(0.047225 0.015 0)
(0.04815 0.015 0)
(0.049075 0.015 0)
(0.05 0.015 0)
(0.050925 0.015 0)
(0.05185 0.015 0)
(0.052775 0.015 0)
(0.0537 0.015 0)
(0.054625 0.015 0)
(0.05555 0.015 0)
(0.056475 0.015 0)
(0.0574 0.015 0)
(0.058325 0.015 0)
(0.05925 0.015 0)
(0.0419 0.02 0)
(0.0428 0.02 0)
(0.0437 0.02 0)
(0.0446 0.02 0)
(0.0455 0.02 0)
(0.0464 0.02 0)
(0.0473 0.02 0)
(0.0482 0.02 0)
(0.0491 0.02 0)
(0.05 0.02 0)
(0.0509 0.02 0)
(0.0518 0.02 0)
(0.0527 0.02 0)
(0.0536 0.02 0)
(0.0545 0.02 0)
(0.0554 0.02 0)
(0.0563 0.02 0)
(0.0572 0.02 0)
(0.0581 0.02 0)
(0.059 0.02 0)
(0.042125 0.025 0)
(0.043 0.025 0)
(0.043875 0.025 0)
(0.04475 0.025 0)
(0.045625 0.025 0)
(0.0465 0.025 0)
(0.047375 0.025 0)
(0.04825 0.025 0)
(0.049125 0.025 0)
(0.05 0.025 0)
(0.050875 0.025 0)
(0.05175 0.025 0)
(0.052625 0.025 0)
(0.0535 0.025 0)
(0.054375 0.025 0)
(0.05525 0.025 0)
(0.056125 0.025 0)
(0.057 0.025 0)
(0.057875 0.025 0)
(0.05875 0.025 0)
(0.04235 0.03 0)
(0.0432 0.03 0)
(0.04405 0.03 0)
(0.0449 0.03 0)
(0.04575 0.03 0)
(0.0466 0.03 0)
(0.04745 0.03 0)
(0.0483 0.03 0)
(0.04915 0.03 0)
(0.05 0.03 0)
(0.05085 0.03 0)
(0.0517 0.03 0)
(0.05255 0.03 0)
(0.0534 0.03 0)
(0.05425 0.03 0)
(0.0551 0.03 0)
(0.05595 0.03 0)
(0.0568 0.03 0)
(0.05765 0.03 0)
(0.0585 0.03 0)
(0.042575 0.035 0)
(0.0434 0.035 0)
(0.044225 0.035 0)
(0.04505 0.035 0)
(0.045875 0.035 0)
(0.0467 0.035 0)
(0.047525 0.035 0)
(0.04835 0.035 0)
(0.049175 0.035 0)
(0.05 0.035 0)
(0.050825 0.035 0)
(0.05165 0.035 0)
(0.052475 0.035 0)
(0.0533 0.035 0)
(0.054125 0.035 0)
(0.05495 0.035 0)
(0.055775 0.035 0)
(0.0566 0.035 0)
(0.057425 0.035 0)
(0.05825 0.035 0)
(0.0428 0.04 0)
(0.0436 0.04 0)
(0.0444 0.04 0)
(0.0452 0.04 0)
(0.046 0.04 0)
(0.0468 0.04 0)
(0.0476 0.04 0)
(0.0484 0.04 0)
(0.0492 0.04 0)
(0.05 0.04 0)
(0.0508 0.04 0)
(0.0516 0.04 0)
(0.0524 0.04 0)
(0.0532 0.04 0)
(0.054 0.04 0)
(0.0548 0.04 0)
(0.0556 0.04 0)
(0.0564 0.04 0)
(0.0572 0.04 0)
(0.058 0.04 0)
(0.043025 0.045 0)
(0.0438 0.045 0)
(0.044575 0.045 0)
(0.04535 0.045 0)
(0.046125 0.045 0)
(0.0469 0.045 0)
(0.047675 0.045 0)
(0.04845 0.045 0)
(0.049225 0.045 0)
(0.05 0.045 0)
(0.050775 0.045 0)
(0.05155 0.045 0)
(0.052325 0.045 0)
(0.0531 0.045 0)
(0.053875 0.045 0)
(0.05465 0.045 0)
(0.055425 0.045 0)
(0.0562 0.045 0)
(0.056975 0.045 0)
(0.05775 0.045 0)
(0.04325 0.05 0)
(0.044 0.05 0)
(0.04475 0.05 0)
(0.0455 0.05 0)
(0.04625 0.05 0)
(0.047 0.05 0)
(0.04775 0.05 0)
(0.0485 0.05 0)
(0.04925 0.05 0)
(0.05 0.05 0)
(0.05075 0.05 0)
(0.0515 0.05 0)
(0.05225 0.05 0)
(0.053 0.05 0)
(0.05375 0.05 0)
(0.0545 0.05 0)
(0.05525 0.05 0)
(0.056 0.05 0)
(0.05675 0.05 0)
(0.0575 0.05 0)
(0.043475 0.055 0)
(0.0442 0.055 0)
(0.044925 0.055 0)
(0.04565 0.055 0)
(0.046375 0.055 0)
(0.0471 0.055 0)
(0.047825 0.055 0)
(0.04855 0.055 0)
(0.049275 0.055 0)
(0.05 0.055 0)
(0.050725 0.055 0)
(0.05145 0.055 0)
(0.052175 0.055 0)
(0.0529 0.055 0)
(0.053625 0.055 0)
(0.05435 0.055 0)
(0.055075 0.055 0)
(0.0558 0.055 0)
(0.056525 0.055 0)
(0.05725 0.055 0)
(0.0437 0.06 0)
(0.0444 0.06 0)
(0.0451 0.06 0)
(0.0458 0.06 0)
(0.0465 0.06 0)
(0.0472 0.06 0)
(0.0479 0.06 0)
(0.0486 0.06 0)
(0.0493 0.06 0)
(0.05 0.06 0)
(0.0507 0.06 0)
(0.0514 0.06 0)
(0.0521 0.06 0)
(0.0528 0.06 0)
(0.0535 0.06 0)
(0.0542 0.06 0)
(0.0549 0.06 0)
(0.0556 0.06 0)
(0.0563 0.06 0)
(0.057 0.06 0)
(0.043925 0.065 0)
(0.0446 0.065 0)
(0.045275 0.065 0)
(0.04595 0.065 0)
(0.046625 0.065 0)
(0.0473 0.065 0)
(0.047975 0.065 0)
(0.04865 0.065 0)
(0.049325 0.065 0)
(0.05 0.065 0)
(0.050675 0.065 0)
(0.05135 0.065 0)
(0.052025 0.065 0)
(0.0527 0.065 0)
(0.053375 0.065 0)
(0.05405 0.065 0)
(0.054725 0.065 0)
(0.0554 0.065 0)
(0.056075 0.065 0)
(0.05675 0.065 0)
(0.04415 0.07 0)
(0.0448 0.07 0)
(0.04545 0.07 0)
(0.0461 0.07 0)
(0.04675 0.07 0)
(0.0474 0.07 0)
(0.04805 0.07 0)
(0.0487 0.07 0)
(0.04935 0.07 0)
(0.05 0.07 0)
(0.05065 0.07 0)
(0.0513 0.07 0)
(0.05195 0.07 0)
(0.0526 0.07 0)
(0.05325 0.07 0)
(0.0539 0.07 0)
(0.05455 0.07 0)
(0.0552 0.07 0)
(0.05585 0.07 0)
(0.0565 0.07 0)
(0.044375 0.075 0)
(0.045 0.075 0)
(0.045625 0.075 0)
(0.04625 0.075 0)
(0.046875 0.075 0)
(0.0475 0.075 0)
(0.048125 0.075 0)
(0.04875 0.075 0)
(0.049375 0.075 0)
(0.05 0.075 0)
(0.050625 0.075 0)
(0.05125 0.075 0)
(0.051875 0.075 0)
(0.0525 0.075 0)
(0.053125 0.075 0)
(0.05375 0.075 0)
(0.054375 0.075 0)
(0.055 0.075 0)
(0.055625 0.075 0)
(0.05625 0.075 0)
(0.0446 0.08 0)
(0.0452 0.08 0)
(0.0458 0.08 0)
(0.0464 0.08 0)
(0.047 0.08 0)
(0.0476 0.08 0)
(0.0482 0.08 0)
(0.0488 0.08 0)
(0.0494 0.08 0)
(0.05 0.08 0)
(0.0506 0.08 0)
(0.0512 0.08 0)
(0.0518 0.08 0)
(0.0524 0.08 0)
(0.053 0.08 0)
(0.0536 0.08 0)
(0.0542 0.08 0)
(0.0548 0.08 0)
(0.0554 0.08 0)
(0.056 0.08 0)
(0.044825 0.085 0)
(0.0454 0.085 0)
(0.045975 0.085 0)
(0.04655 0.085 0)
(0.047125 0.085 0)
(0.0477 0.085 0)
(0.048275 0.085 0)
(0.04885 0.085 0)
(0.049425 0.085 0)
(0.05 0.085 0)
(0.050575 0.085 0)
(0.05115 0.085 0)
(0.051725 0.085 0)
(0.0523 0.085 0)
(0.052875 0.085 0)
(0.05345 0.085 0)
(0.054025 0.085 0)
(0.0546 0.085 0)
(0.055175 0.085 0)
(0.05575 0.085 0)
(0.04505 0.09 0)
(0.0456 0.09 0)
(0.04615 0.09 0)
(0.0467 0.09 0)
(0.04725 0.09 0)
(0.0478 0.09 0)
(0.04835 0.09 0)
(0.0489 0.09 0)
(0.04945 0.09 0)
(0.05 0.09 0)
(0.05055 0.09 0)
(0.0511 0.09 0)
(0.05165 0.09 0)
(0.0522 0.09 0)
(0.05275 0.09 0)
(0.0533 0.09 0)
(0.05385 0.09 0)
(0.0544 0.09 0)
(0.05495 0.09 0)
(0.0555 0.09 0)
(0.045275 0.095 0)
(0.0458 0.095 0)
(0.046325 0.095 0)
(0.04685 0.095 0)
(0.047375 0.095 0)
(0.0479 0.095 0)
(0.048425 0.095 0)
(0.04895 0.095 0)
(0.049475 0.095 0)
(0.05 0.095 0)
(0.050525 0.095 0)
(0.05105 0.095 0)
(0.051575 0.095 0)
(0.0521 0.095 0)
(0.052625 0.095 0)
(0.05315 0.095 0)
(0.053675 0.095 0)
(0.0542 0.095 0)
(0.054725 0.095 0)
(0.05525 0.095 0)
(0.0455 0.1 0)
(0.046 0.1 0)
(0.0465 0.1 0)
(0.047 0.1 0)
(0.0475 0.1 0)
(0.048 0.1 0)
(0.0485 0.1 0)
(0.049 0.1 0)
(0.0495 0.1 0)
(0.05 0.1 0)
(0.0505 0.1 0)
(0.051 0.1 0)
(0.0515 0.1 0)
(0.052 0.1 0)
(0.0525 0.1 0)
(0.053 0.1 0)
(0.0535 0.1 0)
(0.054 0.1 0)
(0.0545 0.1 0)
(0.055 0.1 0)
(0.041 0 0.01)
(0.042 0 0.01)
(0.043 0 0.01)
(0.044 0 0.01)
(0.045 0 0.01)
(0.046 0 0.01)
(0.047 0 0.01)
(0.048 0 0.01)
(0.049 0 0.01)
(0.05 0 0.01)
(0.051 0 0.01)
(0.052 0 0.01)
(0.053 0 0.01)
(0.054 0 0.01)
(0.055 0 0.01)
(0.056 0 0.01)
(0.057 0 0.01)
(0.058 0 0.01)
(0.059 0 0.01)
(0.06 0 0.01)
(0.041225 0.005 0.01)
(0.0422 0.005 0.01)
(0.043175 0.005 0.01)
(0.04415 0.005 0.01)
(0.045125 0.005 0.01)
(0.0461 0.005 0.01)
(0.047075 0.005 0.01)
(0.04805 0.005 0.01)
(0.049025 0.005 0.01)
(0.05 0.005 0.01)
(0.050975 0.005 0.01)
(0.05195 0.005 0.01)
(0.052925 0.005 0.01)
(0.0539 0.005 0.01)
(0.054875 0.005 0.01)
(0.05585 0.005 0.01)
(0.056825 0.005 0.01)
(0.0578 0.005 0.01)
(0.058775 0.005 0.01)
(0.05975 0.005 0.01)
(0.04145 0.01 0.01)
(0.0424 0.01 0.01)
(0.04335 0.01 0.01)
(0.0443 0.01 0.01)
(0.04525 0.01 0.01)
(0.0462 0.01 0.01)
(0.04715 0.01 0.01)
(0.0481 0.01 0.01)
(0.04905 0.01 0.01)
(0.05 0.01 0.01)
(0.05095 0.01 0.01)
(0.0519 0.01 0.01)
(0.05285 0.01 0.01)
(0.0538 0.01 0.01)
(0.05475 0.01 0.01)
(0.0557 0.01 0.01)
(0.05665 0.01 0.01)
(0.0576 0.01 0.01)
(0.05855 0.01 0.01)
(0.0595 0.01 0.01)
(0.041675 0.015 0.01)
(0.0426 0.015 0.01)
(0.043525 0.015 0.01)
(0.04445 0.015 0.01)
(0.045375 0.015 0.01)
(0.0463 0.015 0.01)
(0.047225 0.015 0.01)
(0.04815 0.015 0.01)
(0.049075 0.015 0.01)
(0.05 0.015 0.01)
(0.050925 0.015 0.01)
(0.05185 0.015 0.01)
(0.052775 0.015 0.01)
(0.0537 0.015 0.01)
(0.054625 0.015 0.01)
(0.05555 0.015 0.01)
(0.056475 0.015 0.01)
(0.0574 0.015 0.01)
(0.058325 0.015 0.01)
(0.05925 0.015 0.01)
(0.0419 0.02 0.01)
(0.0428 0.02 0.01)
(0.0437 0.02 0.01)
(0.0446 0.02 0.01)
(0.0455 0.02 0.01)
(0.0464 0.02 0.01)
(0.0473 0.02 0.01)
(0.0482 0.02 0.01)
(0.0491 0.02 0.01)
(0.05 0.02 0.01)
(0.0509 0.02 0.01)
(0.0518 0.02 0.01)
(0.0527 0.02 0.01)
(0.0536 0.02 0.01)
(0.0545 0.02 0.01)
(0.0554 0.02 0.01)
(0.0563 0.02 0.01)
(0.0572 0.02 0.01)
(0.0581 0.02 0.01)
(0.059 0.02 0.01)
(0.042125 0.025 0.01)
(0.043 0.025 0.01)
(0.043875 0.025 0.01)
(0.04475 0.025 0.01)
(0.045625 0.025 0.01)
(0.0465 0.025 0.01)
(0.047375 0.025 0.01)
(0.04825 0.025 0.01)
(0.049125 0.025 0.01)
(0.05 0.025 0.01)
(0.050875 0.025 0.01)
(0.05175 0.025 0.01)
(0.052625 0.025 0.01)
(0.0535 0.025 0.01)
(0.054375 0.025 0.01)
(0.05525 0.025 0.01)
(0.056125 0.025 0.01)
(0.057 0.025 0.01)
(0.057875 0.025 0.01)
(0.05875 0.025 0.01)
(0.04235 0.03 0.01)
(0.0432 0.03 0.01)
(0.04405 0.03 0.01)
(0.0449 0.03 0.01)
(0.04575 0.03 0.01)
(0.0466 0.03 0.01)
(0.04745 0.03 0.01)
(0.0483 0.03 0.01)
(0.04915 0.03 0.01)
(0.05 0.03 0.01)
(0.05085 0.03 0.01)
(0.0517 0.03 0.01)
(0.05255 0.03 0.01)
(0.0534 0.03 0.01)
(0.05425 0.03 0.01)
(0.0551 0.03 0.01)
(0.05595 0.03 0.01)
(0.0568 0.03 0.01)
(0.05765 0.03 0.01)
(0.0585 0.03 0.01)
(0.042575 0.035 0.01)
(0.0434 0.035 0.01)
(0.044225 0.035 0.01)
(0.04505 0.035 0.01)
(0.045875 0.035 0.01)
(0.0467 0.035 0.01)
(0.047525 0.035 0.01)
(0.04835 0.035 0.01)
(0.049175 0.035 0.01)
(0.05 0.035 0.01)
(0.050825 0.035 0.01)
(0.05165 0.035 0.01)
(0.052475 0.035 0.01)
(0.0533 0.035 0.01)
(0.054125 0.035 0.01)
(0.05495 0.035 0.01)
(0.055775 0.035 0.01)
(0.0566 0.035 0.01)
(0.057425 0.035 0.01)
(0.05825 0.035 0.01)
(0.0428 0.04 0.01)
(0.0436 0.04 0.01)
(0.0444 0.04 0.01)
(0.0452 0.04 0.01)
(0.046 0.04 0.01)
(0.0468 0.04 0.01)
(0.0476 0.04 0.01)
(0.0484 0.04 0.01)
(0.0492 0.04 0.01)
(0.05 0.04 0.01)
(0.0508 0.04 0.01)
(0.0516 0.04 0.01)
(0.0524 0.04 0.01)
(0.0532 0.04 0.01)
(0.054 0.04 0.01)
(0.0548 0.04 0.01)
(0.0556 0.04 0.01)
(0.0564 0.04 0.01)
(0.0572 0.04 0.01)
(0.058 0.04 0.01)
(0.043025 0.045 0.01)
(0.0438 0.045 0.01)
(0.044575 0.045 0.01)
(0.04535 0.045 0.01)
(0.046125 0.045 0.01)
(0.0469 0.045 0.01)
(0.047675 0.045 0.01)
(0.04845 0.045 0.01)
(0.049225 0.045 0.01)
(0.05 0.045 0.01)
(0.050775 0.045 0.01)
(0.05155 0.045 0.01)
(0.052325 0.045 0.01)
(0.0531 0.045 0.01)
(0.053875 0.045 0.01)
(0.05465 0.045 0.01)
(0.055425 0.045 0.01)
(0.0562 0.045 0.01)
(0.056975 0.045 0.01)
(0.05775 0.045 0.01)
(0.04325 0.05 0.01)
(0.044 0.05 0.01)
(0.04475 0.05 0.01)
(0.0455 0.05 0.01)
(0.04625 0.05 0.01)
(0.047 0.05 0.01)
(0.04775 0.05 0.01)
(0.0485 0.05 0.01)
(0.04925 0.05 0.01)
(0.05 0.05 0.01)
(0.05075 0.05 0.01)
(0.0515 0.05 0.01)
(0.05225 0.05 0.01)
(0.053 0.05 0.01)
(0.05375 0.05 0.01)
(0.0545 0.05 0.01)
(0.05525 0.05 0.01)
(0.056 0.05 0.01)
(0.05675 0.05 0.01)
(0.0575 0.05 0.01)
(0.043475 0.055 0.01)
(0.0442 0.055 0.01)
(0.044925 0.055 0.01)
(0.04565 0.055 0.01)
(0.046375 0.055 0.01)
(0.0471 0.055 0.01)
(0.047825 0.055 0.01)
(0.04855 0.055 0.01)
(0.049275 0.055 0.01)
(0.05 0.055 0.01)
(0.050725 0.055 0.01)
(0.05145 0.055 0.01)
(0.052175 0.055 0.01)
(0.0529 0.055 0.01)
(0.053625 0.055 0.01)
(0.05435 0.055 0.01)
(0.055075 0.055 0.01)
(0.0558 0.055 0.01)
(0.056525 0.055 0.01)
(0.05725 0.055 0.01)
(0.0437 0.06 0.01)
(0.0444 0.06 0.01)
(0.0451 0.06 0.01)
(0.0458 0.06 0.01)
(0.0465 0.06 0.01)
(0.0472 0.06 0.01)
(0.0479 0.06 0.01)
(0.0486 0.06 0.01)
(0.0493 0.06 0.01)
(0.05 0.06 0.01)
(0.0507 0.06 0.01)
(0.0514 0.06 0.01)
(0.0521 0.06 0.01)
(0.0528 0.06 0.01)
(0.0535 0.06 0.01)
(0.0542 0.06 0.01)
(0.0549 0.06 0.01)
(0.0556 0.06 0.01)
(0.0563 0.06 0.01)
(0.057 0.06 0.01)
(0.043925 0.065 0.01)
(0.0446 0.065 0.01)
(0.045275 0.065 0.01)
(0.04595 0.065 0.01)
(0.046625 0.065 0.01)
(0.0473 0.065 0.01)
(0.047975 0.065 0.01)
(0.04865 0.065 0.01)
(0.049325 0.065 0.01)
(0.05 0.065 0.01)
(0.050675 0.065 0.01)
(0.05135 0.065 0.01)
(0.052025 0.065 0.01)
(0.0527 0.065 0.01)
(0.053375 0.065 0.01)
(0.05405 0.065 0.01)
(0.054725 0.065 0.01)
(0.0554 0.065 0.01)
(0.056075 0.065 0.01)
(0.05675 0.065 0.01)
(0.04415 0.07 0.01)
(0.0448 0.07 0.01)
(0.04545 0.07 0.01)
(0.0461 0.07 0.01)
(0.04675 0.07 0.01)
(0.0474 0.07 0.01)
(0.04805 0.07 0.01)
(0.0487 0.07 0.01)
(0.04935 0.07 0.01)
(0.05 0.07 0.01)
(0.05065 0.07 0.01)
(0.0513 0.07 0.01)
(0.05195 0.07 0.01)
(0.0526 0.07 0.01)
(0.05325 0.07 0.01)
(0.0539 0.07 0.01)
(0.05455 0.07 0.01)
(0.0552 0.07 0.01)
(0.05585 0.07 0.01)
(0.0565 0.07 0.01)
(0.044375 0.075 0.01)
(0.045 0.075 0.01)
(0.045625 0.075 0.01)
(0.04625 0.075 0.01)
(0.046875 0.075 0.01)
(0.0475 0.075 0.01)
(0.048125 0.075 0.01)
(0.04875 0.075 0.01)
(0.049375 0.075 0.01)
(0.05 0.075 0.01)
(0.050625 0.075 0.01)
(0.05125 0.075 0.01)
(0.051875 0.075 0.01)
(0.0525 0.075 0.01)
(0.053125 0.075 0.01)
(0.05375 0.075 0.01)
(0.054375 0.075 0.01)
(0.055 0.075 0.01)
(0.055625 0.075 0.01)
(0.05625 0.075 0.01)
(0.0446 0.08 0.01)
(0.0452 0.08 0.01)
(0.0458 0.08 0.01)
(0.0464 0.08 0.01)
(0.047 0.08 0.01)
(0.0476 0.08 0.01)
(0.0482 0.08 0.01)
(0.0488 0.08 0.01)
(0.0494 0.08 0.01)
(0.05 0.08 0.01)
(0.0506 0.08 0.01)
(0.0512 0.08 0.01)
(0.0518 0.08 0.01)
(0.0524 0.08 0.01)
(0.053 0.08 0.01)
(0.0536 0.08 0.01)
(0.0542 0.08 0.01)
(0.0548 0.08 0.01)
(0.0554 0.08 0.01)
(0.056 0.08 0.01)
(0.044825 0.085 0.01)
(0.0454 0.085 0.01)
(0.045975 0.085 0.01)
(0.04655 0.085 0.01)
(0.047125 0.085 0.01)
(0.0477 0.085 0.01)
(0.048275 0.085 0.01)
(0.04885 0.085 0.01)
(0.049425 0.085 0.01)
(0.05 0.085 0.01)
(0.050575 0.085 0.01)
(0.05115 0.085 0.01)
(0.051725 0.085 0.01)
(0.0523 0.085 0.01)
(0.052875 0.085 0.01)
(0.05345 0.085 0.01)
(0.054025 0.085 0.01)
(0.0546 0.085 0.01)
(0.055175 0.085 0.01)
(0.05575 0.085 0.01)
(0.04505 0.09 0.01)
(0.0456 0.09 0.01)
(0.04615 0.09 0.01)
(0.0467 0.09 0.01)
(0.04725 0.09 0.01)
(0.0478 0.09 0.01)
(0.04835 0.09 0.01)
(0.0489 0.09 0.01)
(0.04945 0.09 0.01)
(0.05 0.09 0.01)
(0.05055 0.09 0.01)
(0.0511 0.09 0.01)
(0.05165 0.09 0.01)
(0.0522 0.09 0.01)
(0.05275 0.09 0.01)
(0.0533 0.09 0.01)
(0.05385 0.09 0.01)
(0.0544 0.09 0.01)
(0.05495 0.09 0.01)
(0.0555 0.09 0.01)
(0.045275 0.095 0.01)
(0.0458 0.095 0.01)
(0.046325 0.095 0.01)
(0.04685 0.095 0.01)
(0.047375 0.095 0.01)
(0.0479 0.095 0.01)
(0.048425 0.095 0.01)
(0.04895 0.095 0.01)
(0.049475 0.095 0.01)
(0.05 0.095 0.01)
(0.050525 0.095 0.01)
(0.05105 0.095 0.01)
(0.051575 0.095 0.01)
(0.0521 0.095 0.01)
(0.052625 0.095 0.01)
(0.05315 0.095 0.01)
(0.053675 0.095 0.01)
(0.0542 0.095 0.01)
(0.054725 0.095 0.01)
(0.05525 0.095 0.01)
(0.0455 0.1 0.01)
(0.046 0.1 0.01)
(0.0465 0.1 0.01)
(0.047 0.1 0.01)
(0.0475 0.1 0.01)
(0.048 0.1 0.01)
(0.0485 0.1 0.01)
(0.049 0.1 0.01)
(0.0495 0.1 0.01)
(0.05 0.1 0.01)
(0.0505 0.1 0.01)
(0.051 0.1 0.01)
(0.0515 0.1 0.01)
(0.052 0.1 0.01)
(0.0525 0.1 0.01)
(0.053 0.1 0.01)
(0.0535 0.1 0.01)
(0.054 0.1 0.01)
(0.0545 0.1 0.01)
(0.055 0.1 0.01)
(0.062 0 0)
(0.064 0 0)
(0.066 0 0)
(0.068 0 0)
(0.07 0 0)
(0.072 0 0)
(0.074 0 0)
(0.076 0 0)
(0.078 0 0)
(0.08 0 0)
(0.082 0 0)
(0.084 0 0)
(0.086 0 0)
(0.088 0 0)
(0.09 0 0)
(0.092 0 0)
(0.094 0 0)
(0.096 0 0)
(0.098 0 0)
(0.1 0 0)
(0.0617625 0.005 0)
(0.063775 0.005 0)
(0.0657875 0.005 0)
(0.0678 0.005 0)
(0.0698125 0.005 0)
(0.071825 0.005 0)
(0.0738375 0.005 0)
(0.07585 0.005 0)
(0.0778625 0.005 0)
(0.079875 0.005 0)
(0.0818875 0.005 0)
(0.0839 0.005 0)
(0.0859125 0.005 0)
(0.087925 0.005 0)
(0.0899375 0.005 0)
(0.09195 0.005 0)
(0.0939625 0.005 0)
(0.095975 0.005 0)
(0.0979875 0.005 0)
(0.1 0.005 0)
(0.061525 0.01 0)
(0.06355 0.01 0)
(0.065575 0.01 0)
(0.0676 0.01 0)
(0.069625 0.01 0)
(0.07165 0.01 0)
(0.073675 0.01 0)
(0.0757 0.01 0)
(0.077725 0.01 0)
(0.07975 0.01 0)
(0.081775 0.01 0)
(0.0838 0.01 0)
(0.085825 0.01 0)
(0.08785 0.01 0)
(0.089875 0.01 0)
(0.0919 0.01 0)
(0.093925 0.01 0)
(0.09595 0.01 0)
(0.097975 0.01 0)
(0.1 0.01 0)
(0.0612875 0.015 0)
(0.063325 0.015 0)
(0.0653625 0.015 0)
(0.0674 0.015 0)
(0.0694375 0.015 0)
(0.071475 0.015 0)
(0.0735125 0.015 0)
(0.07555 0.015 0)
(0.0775875 0.015 0)
(0.079625 0.015 0)
(0.0816625 0.015 0)
(0.0837 0.015 0)
(0.0857375 0.015 0)
(0.087775 0.015 0)
(0.0898125 0.015 0)
(0.09185 0.015 0)
(0.0938875 0.015 0)
(0.095925 0.015 0)
(0.0979625 0.015 0)
(0.1 0.015 0)
(0.06105 0.02 0)
(0.0631 0.02 0)
(0.06515 0.02 0)
(0.0672 0.02 0)
(0.06925 0.02 0)
(0.0713 0.02 0)
(0.07335 0.02 0)
(0.0754 0.02 0)
(0.07745 0.02 0)
(0.0795 0.02 0)
(0.08155 0.02 0)
(0.0836 0.02 0)
(0.08565 0.02 0)
(0.0877 0.02 0)
(0.08975 0.02 0)
(0.0918 0.02 0)
(0.09385 0.02 0)
(0.0959 0.02 0)
(0.09795 0.02 0)
(0.1 0.02 0)
(0.0608125 0.025 0)
(0.062875 0.025 0)
(0.0649375 0.025 0)
(0.067 0.025 0)
(0.0690625 0.025 0)
(0.071125 0.025 0)
(0.0731875 0.025 0)
(0.07525 0.025 0)
(0.0773125 0.025 0)
(0.079375 0.025 0)
(0.0814375 0.025 0)
(0.0835 0.025 0)
(0.0855625 0.025 0)
(0.087625 0.025 0)
(0.0896875 0.025 0)
(0.09175 0.025 0)
(0.0938125 0.025 0)
(0.095875 0.025 0)
(0.0979375 0.025 0)
(0.1 0.025 0)
(0.060575 0.03 0)
(0.06265 0.03 0)
(0.064725 0.03 0)
(0.0668 0.03 0)
(0.068875 0.03 0)
(0.07095 0.03 0)
(0.073025 0.03 0)
(0.0751 0.03 0)
(0.077175 0.03 0)
(0.07925 0.03 0)
(0.081325 0.03 0)
(0.0834 0.03 0)
(0.085475 0.03 0)
(0.08755 0.03 0)
(0.089625 0.03 0)
(0.0917 0.03 0)
(0.093775 0.03 0)
(0.09585 0.03 0)
(0.097925 0.03 0)
(0.1 0.03 0)
(0.0603375 0.035 0)
(0.062425 0.035 0)
(0.0645125 0.035 0)
(0.0666 0.035 0)
(0.0686875 0.035 0)
(0.070775 0.035 0)
(0.0728625 0.035 0)
(0.07495 0.035 0)
(0.0770375 0.035 0)
(0.079125 0.035 0)
(0.0812125 0.035 0)
(0.0833 0.035 0)
(0.0853875 0.035 0)
(0.087475 0.035 0)
(0.0895625 0.035 0)
(0.09165 0.035 0)
(0.0937375 0.035 0)
(0.095825 0.035 0)
(0.0979125 0.035 0)
(0.1 0.035 0)
(0.0601 0.04 0)
(0.0622 0.04 0)
(0.0643 0.04 0)
(0.0664 0.04 0)
(0.0685 0.04 0)
(0.0706 0.04 0)
(0.0727 0.04 0)
(0.0748 0.04 0)
(0.0769 0.04 0)
(0.079 0.04 0)
(0.0811 0.04 0)
(0.0832 0.04 0)
(0.0853 0.04 0)
(0.0874 0.04 0)
(0.0895 0.04 0)
(0.0916 0.04 0)
(0.0937 0.04 0)
(0.0958 0.04 0)
(0.0979 0.04 0)
(0.1 0.04 0)
(0.0598625 0.045 0)
(0.061975 0.045 0)
(0.0640875 0.045 0)
(0.0662 0.045 0)
(0.0683125 0.045 0)
(0.070425 0.045 0)
(0.0725375 0.045 0)
(0.07465 0.045 0)
(0.0767625 0.045 0)
(0.078875 0.045 0)
(0.0809875 0.045 0)
(0.0831 0.045 0)
(0.0852125 0.045 0)
(0.087325 0.045 0)
(0.0894375 0.045 0)
(0.09155 0.045 0)
(0.0936625 0.045 0)
(0.095775 0.045 0)
(0.0978875 0.045 0)
(0.1 0.045 0)
(0.059625 0.05 0)
(0.06175 0.05 0)
(0.063875 0.05 0)
(0.066 0.05 0)
(0.068125 0.05 0)
(0.07025 0.05 0)
(0.072375 0.05 0)
(0.0745 0.05 0)
(0.076625 0.05 0)
(0.07875 0.05 0)
(0.080875 0.05 0)
(0.083 0.05 0)
(0.085125 0.05 0)
(0.08725 0.05 0)
(0.089375 0.05 0)
(0.0915 0.05 0)
(0.093625 0.05 0)
(0.09575 0.05 0)
(0.097875 0.05 0)
(0.1 0.05 0)
(0.0593875 0.055 0)
(0.061525 0.055 0)
(0.0636625 0.055 0)
(0.0658 0.055 0)
(0.0679375 0.055 0)
(0.070075 0.055 0)
(0.0722125 0.055 0)
(0.07435 0.055 0)
(0.0764875 0.055 0)
(0.078625 0.055 0)
(0.0807625 0.055 0)
(0.0829 0.055 0)
(0.0850375 0.055 0)
(0.087175 0.055 0)
(0.0893125 0.055 0)
(0.09145 0.055 0)
(0.0935875 0.055 0)
(0.095725 0.055 0)
(0.0978625 0.055 0)
(0.1 0.055 0)
(0.05915 0.06 0)
(0.0613 0.06 0)
(0.06345 0.06 0)
(0.0656 0.06 0)
(0.06775 0.06 0)
(0.0699 0.06 0)
(0.07205 0.06 0)
(0.0742 0.06 0)
(0.07635 0.06 0)
(0.0785 0.06 0)
(0.08065 0.06 0)
(0.0828 0.06 0)
(0.08495 0.06 0)
(0.0871 0.06 0)
(0.08925 0.06 0)
(0.0914 0.06 0)
(0.09355 0.06 0)
(0.0957 0.06 0)
(0.09785 0.06 0)
(0.1 0.06 0)
(0.0589125 0.065 0)
(0.061075 0.065 0)
(0.0632375 0.065 0)
(0.0654 0.065 0)
(0.0675625 0.065 0)
(0.069725 0.065 0)
(0.0718875 0.065 0)
(0.07405 0.065 0)
(0.0762125 0.065 0)
(0.078375 0.065 0)
(0.0805375 0.065 0)
(0.0827 0.065 0)
(0.0848625 0.065 0)
(0.087025 0.065 0)
(0.0891875 0.065 0)
(0.09135 0.065 0)
(0.0935125 0.065 0)
(0.095675 0.065 0)
(0.0978375 0.065 0)
(0.1 0.065 0)
(0.058675 0.07 0)
(0.06085 0.07 0)
(0.063025 0.07 0)
(0.0652 0.07 0)
(0.067375 0.07 0)
(0.06955 0.07 0)
(0.071725 0.07 0)
(0.0739 0.07 0)
(0.076075 0.07 0)
(0.07825 0.07 0)
(0.080425 0.07 0)
(0.0826 0.07 0)
(0.084775 0.07 0)
(0.08695 0.07 0)
(0.089125 0.07 0)
(0.0913 0.07 0)
(0.093475 0.07 0)
(0.09565 0.07 0)
(0.097825 0.07 0)
(0.1 0.07 0)
(0.0584375 0.075 0)
(0.060625 0.075 0)
(0.0628125 0.075 0)
(0.065 0.075 0)
(0.0671875 0.075 0)
(0.069375 0.075 0)
(0.0715625 0.075 0)
(0.07375 0.075 0)
(0.0759375 0.075 0)
(0.078125 0.075 0)
(0.0803125 0.075 0)
(0.0825 0.075 0)
(0.0846875 0.075 0)
(0.086875 0.075 0)
(0.0890625 0.075 0)
(0.09125 0.075 0)
(0.0934375 0.075 0)
(0.095625 0.075 0)
(0.0978125 0.075 0)
(0.1 0.075 0)
(0.0582 0.08 0)
(0.0604 0.08 0)
(0.0626 0.08 0)
(0.0648 0.08 0)
(0.067 0.08 0)
(0.0692 0.08 0)
(0.0714 0.08 0)
(0.0736 0.08 0)
(0.0758 0.08 0)
(0.078 0.08 0)
(0.0802 0.08 0)
(0.0824 0.08 0)
(0.0846 0.08 0)
(0.0868 0.08 0)
(0.089 0.08 0)
(0.0912 0.08 0)
(0.0934 0.08 0)
(0.0956 0.08 0)
(0.0978 0.08 0)
(0.1 0.08 0)
(0.0579625 0.085 0)
(0.060175 0.085 0)
(0.0623875 0.085 0)
(0.0646 0.085 0)
(0.0668125 0.085 0)
(0.069025 0.085 0)
(0.0712375 0.085 0)
(0.07345 0.085 0)
(0.0756625 0.085 0)
(0.077875 0.085 0)
(0.0800875 0.085 0)
(0.0823 0.085 0)
(0.0845125 0.085 0)
(0.086725 0.085 0)
(0.0889375 0.085 0)
(0.09115 0.085 0)
(0.0933625 0.085 0)
(0.095575 0.085 0)
(0.0977875 0.085 0)
(0.1 0.085 0)
(0.057725 0.09 0)
(0.05995 0.09 0)
(0.062175 0.09 0)
(0.0644 0.09 0)
(0.066625 0.09 0)
(0.06885 0.09 0)
(0.071075 0.09 0)
(0.0733 0.09 0)
(0.075525 0.09 0)
(0.07775 0.09 0)
(0.079975 0.09 0)
(0.0822 0.09 0)
(0.084425 0.09 0)
(0.08665 0.09 0)
(0.088875 0.09 0)
(0.0911 0.09 0)
(0.093325 0.09 0)
(0.09555 0.09 0)
(0.097775 0.09 0)
(0.1 0.09 0)
(0.0574875 0.095 0)
(0.059725 0.095 0)
(0.0619625 0.095 0)
(0.0642 0.095 0)
(0.0664375 0.095 0)
(0.068675 0.095 0)
(0.0709125 0.095 0)
(0.07315 0.095 0)
(0.0753875 0.095 0)
(0.077625 0.095 0)
(0.0798625 0.095 0)
(0.0821 0.095 0)
(0.0843375 0.095 0)
(0.086575 0.095 0)
(0.0888125 0.095 0)
(0.09105 0.095 0)
(0.0932875 0.095 0)
(0.095525 0.095 0)
(0.0977625 0.095 0)
(0.1 0.095 0)
(0.05725 0.1 0)
(0.0595 0.1 0)
(0.06175 0.1 0)
(0.064 0.1 0)
(0.06625 0.1 0)
(0.0685 0.1 0)
(0.07075 0.1 0)
(0.073 0.1 0)
(0.07525 0.1 0)
(0.0775 0.1 0)
(0.07975 0.1 0)
(0.082 0.1 0)
(0.08425 0.1 0)
(0.0865 0.1 0)
(0.08875 0.1 0)
(0.091 0.1 0)
(0.09325 0.1 0)
(0.0955 0.1 0)
(0.09775 0.1 0)
(0.1 0.1 0)
(0.062 0 0.01)
(0.064 0 0.01)
(0.066 0 0.01)
(0.068 0 0.01)
(0.07 0 0.01)
(0.072 0 0.01)
(0.074 0 0.01)
(0.076 0 0.01)
(0.078 0 0.01)
(0.08 0 0.01)
(0.082 0 0.01)
(0.084 0 0.01)
(0.086 0 0.01)
(0.088 0 0.01)
(0.09 0 0.01)
(0.092 0 0.01)
(0.094 0 0.01)
(0.096 0 0.01)
(0.098 0 0.01)
(0.1 0 0.01)
(0.0617625 0.005 0.01)
(0.063775 0.005 0.01)
(0.0657875 0.005 0.01)
(0.0678 0.005 0.01)
(0.0698125 0.005 0.01)
(0.071825 0.005 0.01)
(0.0738375 0.005 0.01)
(0.07585 0.005 0.01)
(0.0778625 0.005 0.01)
(0.079875 0.005 0.01)
(0.0818875 0.005 0.01)
(0.0839 0.005 0.01)
(0.0859125 0.005 0.01)
(0.087925 0.005 0.01)
(0.0899375 0.005 0.01)
(0.09195 0.005 0.01)
(0.0939625 0.005 0.01)
(0.095975 0.005 0.01)
(0.0979875 0.005 0.01)
(0.1 0.005 0.01)
(0.061525 0.01 0.01)
(0.06355 0.01 0.01)
(0.065575 0.01 0.01)
(0.0676 0.01 0.01)
(0.069625 0.01 0.01)
(0.07165 0.01 0.01)
(0.073675 0.01 0.01)
(0.0757 0.01 0.01)
(0.077725 0.01 0.01)
(0.07975 0.01 0.01)
(0.081775 0.01 0.01)
(0.0838 0.01 0.01)
(0.085825 0.01 0.01)
(0.08785 0.01 0.01)
(0.089875 0.01 0.01)
(0.0919 0.01 0.01)
(0.093925 0.01 0.01)
(0.09595 0.01 0.01)
(0.097975 0.01 0.01)
(0.1 0.01 0.01)
(0.0612875 0.015 0.01)
(0.063325 0.015 0.01)
(0.0653625 0.015 0.01)
(0.0674 0.015 0.01)
(0.0694375 0.015 0.01)
(0.071475 0.015 0.01)
(0.0735125 0.015 0.01)
(0.07555 0.015 0.01)
(0.0775875 0.015 0.01)
(0.079625 0.015 0.01)
(0.0816625 0.015 0.01)
(0.0837 0.015 0.01)
(0.0857375 0.015 0.01)
(0.087775 0.015 0.01)
(0.0898125 0.015 0.01)
(0.09185 0.015 0.01)
(0.0938875 0.015 0.01)
(0.095925 0.015 0.01)
(0.0979625 0.015 0.01)
(0.1 0.015 0.01)
(0.06105 0.02 0.01)
(0.0631 0.02 0.01)
(0.06515 0.02 0.01)
(0.0672 0.02 0.01)
(0.06925 0.02 0.01)
(0.0713 0.02 0.01)
(0.07335 0.02 0.01)
(0.0754 0.02 0.01)
(0.07745 0.02 0.01)
(0.0795 0.02 0.01)
(0.08155 0.02 0.01)
(0.0836 0.02 0.01)
(0.08565 0.02 0.01)
(0.0877 0.02 0.01)
(0.08975 0.02 0.01)
(0.0918 0.02 0.01)
(0.09385 0.02 0.01)
(0.0959 0.02 0.01)
(0.09795 0.02 0.01)
(0.1 0.02 0.01)
(0.0608125 0.025 0.01)
(0.062875 0.025 0.01)
(0.0649375 0.025 0.01)
(0.067 0.025 0.01)
(0.0690625 0.025 0.01)
(0.071125 0.025 0.01)
(0.0731875 0.025 0.01)
(0.07525 0.025 0.01)
(0.0773125 0.025 0.01)
(0.079375 0.025 0.01)
(0.0814375 0.025 0.01)
(0.0835 0.025 0.01)
(0.0855625 0.025 0.01)
(0.087625 0.025 0.01)
(0.0896875 0.025 0.01)
(0.09175 0.025 0.01)
(0.0938125 0.025 0.01)
(0.095875 0.025 0.01)
(0.0979375 0.025 0.01)
(0.1 0.025 0.01)
(0.060575 0.03 0.01)
(0.06265 0.03 0.01)
(0.064725 0.03 0.01)
(0.0668 0.03 0.01)
(0.068875 0.03 0.01)
(0.07095 0.03 0.01)
(0.073025 0.03 0.01)
(0.0751 0.03 0.01)
(0.077175 0.03 0.01)
(0.07925 0.03 0.01)
(0.081325 0.03 0.01)
(0.0834 0.03 0.01)
(0.085475 0.03 0.01)
(0.08755 0.03 0.01)
(0.089625 0.03 0.01)
(0.0917 0.03 0.01)
(0.093775 0.03 0.01)
(0.09585 0.03 0.01)
(0.097925 0.03 0.01)
(0.1 0.03 0.01)
(0.0603375 0.035 0.01)
(0.062425 0.035 0.01)
(0.0645125 0.035 0.01)
(0.0666 0.035 0.01)
(0.0686875 0.035 0.01)
(0.070775 0.035 0.01)
(0.0728625 0.035 0.01)
(0.07495 0.035 0.01)
(0.0770375 0.035 0.01)
(0.079125 0.035 0.01)
(0.0812125 0.035 0.01)
(0.0833 0.035 0.01)
(0.0853875 0.035 0.01)
(0.087475 0.035 0.01)
(0.0895625 0.035 0.01)
(0.09165 0.035 0.01)
(0.0937375 0.035 0.01)
(0.095825 0.035 0.01)
(0.0979125 0.035 0.01)
(0.1 0.035 0.01)
(0.0601 0.04 0.01)
(0.0622 0.04 0.01)
(0.0643 0.04 0.01)
(0.0664 0.04 0.01)
(0.0685 0.04 0.01)
(0.0706 0.04 0.01)
(0.0727 0.04 0.01)
(0.0748 0.04 0.01)
(0.0769 0.04 0.01)
(0.079 0.04 0.01)
(0.0811 0.04 0.01)
(0.0832 0.04 0.01)
(0.0853 0.04 0.01)
(0.0874 0.04 0.01)
(0.0895 0.04 0.01)
(0.0916 0.04 0.01)
(0.0937 0.04 0.01)
(0.0958 0.04 0.01)
(0.0979 0.04 0.01)
(0.1 0.04 0.01)
(0.0598625 0.045 0.01)
(0.061975 0.045 0.01)
(0.0640875 0.045 0.01)
(0.0662 0.045 0.01)
(0.0683125 0.045 0.01)
(0.070425 0.045 0.01)
(0.0725375 0.045 0.01)
(0.07465 0.045 0.01)
(0.0767625 0.045 0.01)
(0.078875 0.045 0.01)
(0.0809875 0.045 0.01)
(0.0831 0.045 0.01)
(0.0852125 0.045 0.01)
(0.087325 0.045 0.01)
(0.0894375 0.045 0.01)
(0.09155 0.045 0.01)
(0.0936625 0.045 0.01)
(0.095775 0.045 0.01)
(0.0978875 0.045 0.01)
(0.1 0.045 0.01)
(0.059625 0.05 0.01)
(0.06175 0.05 0.01)
(0.063875 0.05 0.01)
(0.066 0.05 0.01)
(0.068125 0.05 0.01)
(0.07025 0.05 0.01)
(0.072375 0.05 0.01)
(0.0745 0.05 0.01)
(0.076625 0.05 0.01)
(0.07875 0.05 0.01)
(0.080875 0.05 0.01)
(0.083 0.05 0.01)
(0.085125 0.05 0.01)
(0.08725 0.05 0.01)
(0.089375 0.05 0.01)
(0.0915 0.05 0.01)
(0.093625 0.05 0.01)
(0.09575 0.05 0.01)
(0.097875 0.05 0.01)
(0.1 0.05 0.01)
(0.0593875 0.055 0.01)
(0.061525 0.055 0.01)
(0.0636625 0.055 0.01)
(0.0658 0.055 0.01)
(0.0679375 0.055 0.01)
(0.070075 0.055 0.01)
(0.0722125 0.055 0.01)
(0.07435 0.055 0.01)
(0.0764875 0.055 0.01)
(0.078625 0.055 0.01)
(0.0807625 0.055 0.01)
(0.0829 0.055 0.01)
(0.0850375 0.055 0.01)
(0.087175 0.055 0.01)
(0.0893125 0.055 0.01)
(0.09145 0.055 0.01)
(0.0935875 0.055 0.01)
(0.095725 0.055 0.01)
(0.0978625 0.055 0.01)
(0.1 0.055 0.01)
(0.05915 0.06 0.01)
(0.0613 0.06 0.01)
(0.06345 0.06 0.01)
(0.0656 0.06 0.01)
(0.06775 0.06 0.01)
(0.0699 0.06 0.01)
(0.07205 0.06 0.01)
(0.0742 0.06 0.01)
(0.07635 0.06 0.01)
(0.0785 0.06 0.01)
(0.08065 0.06 0.01)
(0.0828 0.06 0.01)
(0.08495 0.06 0.01)
(0.0871 0.06 0.01)
(0.08925 0.06 0.01)
(0.0914 0.06 0.01)
(0.09355 0.06 0.01)
(0.0957 0.06 0.01)
(0.09785 0.06 0.01)
(0.1 0.06 0.01)
(0.0589125 0.065 0.01)
(0.061075 0.065 0.01)
(0.0632375 0.065 0.01)
(0.0654 0.065 0.01)
(0.0675625 0.065 0.01)
(0.069725 0.065 0.01)
(0.0718875 0.065 0.01)
(0.07405 0.065 0.01)
(0.0762125 0.065 0.01)
(0.078375 0.065 0.01)
(0.0805375 0.065 0.01)
(0.0827 0.065 0.01)
(0.0848625 0.065 0.01)
(0.087025 0.065 0.01)
(0.0891875 0.065 0.01)
(0.09135 0.065 0.01)
(0.0935125 0.065 0.01)
(0.095675 0.065 0.01)
(0.0978375 0.065 0.01)
(0.1 0.065 0.01)
(0.058675 0.07 0.01)
(0.06085 0.07 0.01)
(0.063025 0.07 0.01)
(0.0652 0.07 0.01)
(0.067375 0.07 0.01)
(0.06955 0.07 0.01)
(0.071725 0.07 0.01)
(0.0739 0.07 0.01)
(0.076075 0.07 0.01)
(0.07825 0.07 0.01)
(0.080425 0.07 0.01)
(0.0826 0.07 0.01)
(0.084775 0.07 0.01)
(0.08695 0.07 0.01)
(0.089125 0.07 0.01)
(0.0913 0.07 0.01)
(0.093475 0.07 0.01)
(0.09565 0.07 0.01)
(0.097825 0.07 0.01)
(0.1 0.07 0.01)
(0.0584375 0.075 0.01)
(0.060625 0.075 0.01)
(0.0628125 0.075 0.01)
(0.065 0.075 0.01)
(0.0671875 0.075 0.01)
(0.069375 0.075 0.01)
(0.0715625 0.075 0.01)
(0.07375 0.075 0.01)
(0.0759375 0.075 0.01)
(0.078125 0.075 0.01)
(0.0803125 0.075 0.01)
(0.0825 0.075 0.01)
(0.0846875 0.075 0.01)
(0.086875 0.075 0.01)
(0.0890625 0.075 0.01)
(0.09125 0.075 0.01)
(0.0934375 0.075 0.01)
(0.095625 0.075 0.01)
(0.0978125 0.075 0.01)
(0.1 0.075 0.01)
(0.0582 0.08 0.01)
(0.0604 0.08 0.01)
(0.0626 0.08 0.01)
(0.0648 0.08 0.01)
(0.067 0.08 0.01)
(0.0692 0.08 0.01)
(0.0714 0.08 0.01)
(0.0736 0.08 0.01)
(0.0758 0.08 0.01)
(0.078 0.08 0.01)
(0.0802 0.08 0.01)
(0.0824 0.08 0.01)
(0.0846 0.08 0.01)
(0.0868 0.08 0.01)
(0.089 0.08 0.01)
(0.0912 0.08 0.01)
(0.0934 0.08 0.01)
(0.0956 0.08 0.01)
(0.0978 0.08 0.01)
(0.1 0.08 0.01)
(0.0579625 0.085 0.01)
(0.060175 0.085 0.01)
(0.0623875 0.085 0.01)
(0.0646 0.085 0.01)
(0.0668125 0.085 0.01)
(0.069025 0.085 0.01)
(0.0712375 0.085 0.01)
(0.07345 0.085 0.01)
(0.0756625 0.085 0.01)
(0.077875 0.085 0.01)
(0.0800875 0.085 0.01)
(0.0823 0.085 0.01)
(0.0845125 0.085 0.01)
(0.086725 0.085 0.01)
(0.0889375 0.085 0.01)
(0.09115 0.085 0.01)
(0.0933625 0.085 0.01)
(0.095575 0.085 0.01)
(0.0977875 0.085 0.01)
(0.1 0.085 0.01)
(0.057725 0.09 0.01)
(0.05995 0.09 0.01)
(0.062175 0.09 0.01)
(0.0644 0.09 0.01)
(0.066625 0.09 0.01)
(0.06885 0.09 0.01)
(0.071075 0.09 0.01)
(0.0733 0.09 0.01)
(0.075525 0.09 0.01)
(0.07775 0.09 0.01)
(0.079975 0.09 0.01)
(0.0822 0.09 0.01)
(0.084425 0.09 0.01)
(0.08665 0.09 0.01)
(0.088875 0.09 0.01)
(0.0911 0.09 0.01)
(0.093325 0.09 0.01)
(0.09555 0.09 0.01)
(0.097775 0.09 0.01)
(0.1 0.09 0.01)
(0.0574875 0.095 0.01)
(0.059725 0.095 0.01)
(0.0619625 0.095 0.01)
(0.0642 0.095 0.01)
(0.0664375 0.095 0.01)
(0.068675 0.095 0.01)
(0.0709125 0.095 0.01)
(0.07315 0.095 0.01)
(0.0753875 0.095 0.01)
(0.077625 0.095 0.01)
(0.0798625 0.095 0.01)
(0.0821 0.095 0.01)
(0.0843375 0.095 0.01)
(0.086575 0.095 0.01)
(0.0888125 0.095 0.01)
(0.09105 0.095 0.01)
(0.0932875 0.095 0.01)
(0.095525 0.095 0.01)
(0.0977625 0.095 0.01)
(0.1 0.095 0.01)
(0.05725 0.1 0.01)
(0.0595 0.1 0.01)
(0.06175 0.1 0.01)
(0.064 0.1 0.01)
(0.06625 0.1 0.01)
(0.0685 0.1 0.01)
(0.07075 0.1 0.01)
(0.073 0.1 0.01)
(0.07525 0.1 0.01)
(0.0775 0.1 0.01)
(0.07975 0.1 0.01)
(0.082 0.1 0.01)
(0.08425 0.1 0.01)
(0.0865 0.1 0.01)
(0.08875 0.1 0.01)
(0.091 0.1 0.01)
(0.09325 0.1 0.01)
(0.0955 0.1 0.01)
(0.09775 0.1 0.01)
(0.1 0.1 0.01)
)


// ************************************************************************* //
